STATION,STATION_NAME,DATE,MDPR,DAPR,PRCP,SNWD,SNOW,TAVG,TMAX,TMIN,TOBS,WT09,WT01,WT06,WT02,WT11,WT04,WT08,WT03
GHCND:USW00014732,LA GUARDIA AIRPORT NY US,20160601,-9999,-9999,0.00,0.0,0.0,76,83,65,-9999,-9999,-9999,-9999,-9999,-9999,-9999,-9999,-9999
GHCND:USW00014732,LA GUARDIA AIRPORT NY US,20160602,-9999,-9999,0.00,0.0,0.0,69,74,62,-9999,-9999,-9999,-9999,-9999,-9999,-9999,-9999,-9999
GHCND:USW00014732,LA GUARDIA AIRPORT NY US,20160603,-9999,-9999,0.02,0.0,0.0,66,72,63,-9999,-9999,1,-9999,-9999,-9999,-9999,-9999,-9999
GHCND:USW00014732,LA GUARDIA AIRPORT NY US,20160604,-9999,-9999,0.27,0.0,0.0,73,83,66,-9999,-9999,1,-9999,-9999,-9999,-9999,-9999,-9999
GHCND:USW00014732,LA GUARDIA AIRPORT NY US,20160605,-9999,-9999,0.67,0.0,0.0,69,74,67,-9999,-9999,1,-9999,1,-9999,-9999,-9999,1
GHCND:USW00014732,LA GUARDIA AIRPORT NY US,20160606,-9999,-9999,0.00,0.0,0.0,75,87,68,-9999,-9999,-9999,-9999,-9999,-9999,-9999,-9999,-9999
GHCND:USW00014732,LA GUARDIA AIRPORT NY US,20160607,-9999,-9999,0.01,0.0,0.0,79,87,66,-9999,-9999,-9999,-9999,-9999,-9999,-9999,-9999,-9999
GHCND:USW00014732,LA GUARDIA AIRPORT NY US,20160608,-9999,-9999,0.44,0.0,0.0,65,70,55,-9999,-9999,1,-9999,-9999,-9999,-9999,-9999,-9999
GHCND:USW00014732,LA GUARDIA AIRPORT NY US,20160609,-9999,-9999,0.00,0.0,0.0,64,74,56,-9999,-9999,-9999,-9999,-9999,-9999,-9999,-9999,-9999
GHCND:USW00014732,LA GUARDIA AIRPORT NY US,20160610,-9999,-9999,0.00,0.0,0.0,68,78,59,-9999,-9999,-9999,-9999,-9999,-9999,-9999,-9999,-9999
GHCND:USW00014732,LA GUARDIA AIRPORT NY US,20160611,-9999,-9999,0.10,0.0,0.0,75,90,64,-9999,-9999,-9999,-9999,-9999,-9999,-9999,-9999,-9999
GHCND:USW00014732,LA GUARDIA AIRPORT NY US,20160612,-9999,-9999,0.00,0.0,0.0,80,86,63,-9999,-9999,-9999,-9999,-9999,-9999,-9999,-9999,-9999
GHCND:USW00014732,LA GUARDIA AIRPORT NY US,20160613,-9999,-9999,0.00,0.0,0.0,66,74,59,-9999,-9999,-9999,-9999,-9999,-9999,-9999,-9999,-9999
GHCND:USW00014732,LA GUARDIA AIRPORT NY US,20160614,-9999,-9999,0.00,0.0,0.0,69,81,60,-9999,-9999,-9999,-9999,-9999,-9999,-9999,-9999,-9999
GHCND:USW00014732,LA GUARDIA AIRPORT NY US,20160615,-9999,-9999,0.00,0.0,0.0,75,87,66,-9999,-9999,-9999,-9999,-9999,-9999,-9999,1,-9999
GHCND:USW00014732,LA GUARDIA AIRPORT NY US,20160616,-9999,-9999,0.12,0.0,0.0,73,77,68,-9999,-9999,1,-9999,-9999,-9999,-9999,-9999,-9999
GHCND:USW00014732,LA GUARDIA AIRPORT NY US,20160617,-9999,-9999,0.00,0.0,0.0,71,80,66,-9999,-9999,-9999,-9999,-9999,-9999,-9999,-9999,-9999
GHCND:USW00014732,LA GUARDIA AIRPORT NY US,20160618,-9999,-9999,0.00,0.0,0.0,73,86,63,-9999,-9999,-9999,-9999,-9999,-9999,-9999,-9999,-9999
GHCND:USW00014732,LA GUARDIA AIRPORT NY US,20160619,-9999,-9999,0.00,0.0,0.0,75,84,68,-9999,-9999,-9999,-9999,-9999,-9999,-9999,-9999,-9999
GHCND:USW00014732,LA GUARDIA AIRPORT NY US,20160620,-9999,-9999,0.00,0.0,0.0,73,83,66,-9999,-9999,-9999,-9999,-9999,-9999,-9999,-9999,-9999
GHCND:USW00014732,LA GUARDIA AIRPORT NY US,20160621,-9999,-9999,0.00,0.0,0.0,81,89,73,-9999,-9999,-9999,-9999,-9999,-9999,-9999,1,-9999
GHCND:USW00014732,LA GUARDIA AIRPORT NY US,20160622,-9999,-9999,0.00,0.0,0.0,78,86,67,-9999,-9999,-9999,-9999,-9999,-9999,-9999,1,-9999
GHCND:USW00014732,LA GUARDIA AIRPORT NY US,20160623,-9999,-9999,0.00,0.0,0.0,74,81,68,-9999,-9999,-9999,-9999,-9999,-9999,-9999,-9999,-9999
GHCND:USW00014732,LA GUARDIA AIRPORT NY US,20160624,-9999,-9999,0.00,0.0,0.0,75,85,68,-9999,-9999,1,-9999,-9999,-9999,-9999,1,-9999
GHCND:USW00014732,LA GUARDIA AIRPORT NY US,20160625,-9999,-9999,0.00,0.0,0.0,73,83,65,-9999,-9999,-9999,-9999,-9999,-9999,-9999,-9999,-9999
GHCND:USW00014732,LA GUARDIA AIRPORT NY US,20160626,-9999,-9999,0.00,0.0,0.0,76,86,70,-9999,-9999,-9999,-9999,-9999,-9999,-9999,1,-9999
GHCND:USW00014732,LA GUARDIA AIRPORT NY US,20160627,-9999,-9999,0.28,0.0,0.0,76,84,69,-9999,-9999,1,-9999,-9999,-9999,-9999,1,-9999
GHCND:USW00014732,LA GUARDIA AIRPORT NY US,20160628,-9999,-9999,0.33,0.0,0.0,73,78,70,-9999,-9999,1,-9999,-9999,-9999,-9999,-9999,-9999
GHCND:USW00014732,LA GUARDIA AIRPORT NY US,20160629,-9999,-9999,0.00,0.0,0.0,76,87,70,-9999,-9999,-9999,-9999,-9999,-9999,-9999,-9999,-9999
GHCND:USW00014732,LA GUARDIA AIRPORT NY US,20160630,-9999,-9999,0.00,0.0,0.0,78,87,70,-9999,-9999,-9999,-9999,-9999,-9999,-9999,-9999,-9999
